21257
14527
14351
14229
14198
13932
13278
13153
12821
12710
12621
12324
12275
12267
12012
11995
11852
11778
11746
11625
11528
11115
11079
11003
10852
10617
10455
10380
10228
10206
10179
10166
10069
10002
9952
9905
9886
9861
9792
9786
9733
9535
9522
9459
9420
9412
9265
9197
9173
9050
8992
8971
8968
8866
8805
8766
8665
8628
8599
8587
8564
8558
8558
8558
8558
8536
8517
8494
8433
8340
8315
8308
8303
8227
8104
8031
7981
7843
7818
7801
7785
7709
7650
7606
7537
7508
7478
7465
7407
7406
7393
7386
7379
7369
7329
7327
7308
7236
7224
7213
7202
7201
7187
7179
7163
7160
7114
7096
7089
7062
7040
7017
7015
7005
6988
6975
6969
6945
6902
6857
6835
6807
6806
6778
6744
6740
6735
6727
6723
6719
6689
6684
6660
6659
6659
6659
6659
6655
6646
6642
6638
6617
6584
6561
6516
6510
6487
6431
6411
6387
6355
6341
6336
6310
6274
6265
6239
6238
6167
6159
6158
6106
6078
6075
6069
6062
6058
6042
6042
6042
6042
6040
6028
6024
5990
5982
5967
5963
5948
5945
5923
5914
5903
5894
5886
5886
5886
5886
5873
5873
5873
5873
5864
5843
5841
5829
5816
5810
5807
5801
5797
5794
5780
5770
5741
5736
5715
5708
5687
5686
5685
5684
5664
5662
5661
5639
5608
5583
5579
5543
5539
5526
5499
5488
5482
5471
5467
5466
5448
5446
5429
5428
5418
5416
5411
5395
5371
5317
5315
5308
5299
5291
5269
5264
5260
5257
5228
5226
5225
5210
5199
5189
5170
5158
5131
5119
5114
5098
5088
5076
5064
5062
5058
5050
5049
5046
5045
5043
5043
5043
5043
5039
5032
5007
5007
5007
5007
5004
5004
5004
5004
5001
5000
